2018-11-08,253.3100,254.1300,247.7400,249.6150,1377858
2018-11-07,244.8000,253.9610,243.8100,253.4300,3775515
2018-11-06,240.4800,244.6400,237.7600,240.5600,2446675
2018-11-05,240.0000,241.0000,233.6200,239.8900,3224119
2018-11-02,246.5700,247.4700,237.8000,239.6400,4335346
2018-11-01,245.6900,247.5500,241.4900,245.2800,3192176
2018-10-31,245.4100,249.6000,243.6662,245.7600,4422974
2018-10-30,238.9900,242.5000,231.7000,238.4100,5626772
2018-10-29,250.6700,254.5300,233.3950,239.7500,4725035
2018-10-26,243.8500,252.1800,241.4050,245.8000,4505846
2018-10-25,242.1700,253.5900,241.6600,252.9200,5283634
2018-10-24,250.6100,254.5991,238.2300,238.4400,4859524
2018-10-23,246.1900,254.9100,242.5600,251.7600,5006280
2018-10-22,246.0000,251.6350,242.8029,251.0600,3486990
2018-10-19,252.7300,252.8900,243.6400,245.0300,4070625
2018-10-18,256.1900,257.2100,246.0100,250.3500,5378932
2018-10-17,261.2100,261.8900,255.2600,258.9100,4405056
2018-10-16,252.5000,261.7300,251.7700,260.6700,8679636
2018-10-15,248.3400,248.3700,238.0000,238.0100,5106421
2018-10-12,247.7400,249.9100,242.7827,248.8700,4779938
2018-10-11,236.4100,245.7200,234.7200,238.5900,7042917
2018-10-10,252.5200,253.3800,237.8600,237.9100,5309318
2018-10-09,254.1600,258.7200,251.7100,254.1600,2597721
2018-10-08,261.8400,263.4564,248.6852,254.6900,5109168
2018-10-05,263.9600,266.1000,258.3100,263.2200,3098832
2018-10-04,269.5000,271.0700,260.5364,263.7100,3780326
2018-10-03,273.2500,274.1700,269.7600,270.5100,2726375
2018-10-02,274.7100,277.0300,271.8500,272.0000,3254406
2018-10-01,271.7600,276.6300,271.4600,275.4900,3553432
2018-09-28,269.7500,272.2600,268.4400,269.9500,2784504
2018-09-27,270.0000,272.4200,269.2500,269.9100,1735155
2018-09-26,268.5600,270.6800,266.6600,268.4700,2027658
2018-09-25,264.6000,268.4300,264.2009,267.8400,2298022
2018-09-24,260.0000,264.4600,257.0700,264.0900,2619133
2018-09-21,266.1500,267.5000,260.2400,260.8800,6186497
2018-09-20,266.4700,269.5400,264.1892,266.3400,2560184
2018-09-19,271.1400,271.9500,263.6139,264.8800,2801378
2018-09-18,267.6100,273.7800,266.6033,270.7900,2684423
2018-09-17,275.0000,275.7800,267.6800,268.2500,3080942
2018-09-14,269.0000,277.6100,268.0000,274.6900,6182502
2018-09-13,267.1300,270.0000,265.0100,268.5200,4773968
2018-09-12,267.8300,270.9400,266.4480,267.7900,3365421
2018-09-11,265.3000,268.6000,263.3100,267.0000,2866078
2018-09-10,264.2700,265.9300,260.7900,265.3700,2633558
2018-09-07,258.0000,263.6700,257.1200,260.8700,2894348
2018-09-06,256.9500,260.2700,255.1400,259.7500,2810834
2018-09-05,265.6100,266.1597,254.5400,256.1400,4203322
2018-09-04,263.6700,266.9300,262.3000,266.6800,2158226
2018-08-31,265.5500,266.8331,263.2000,263.5100,2944461
2018-08-30,266.7200,269.0500,265.5000,266.4300,2409250
2018-08-29,263.0000,269.9600,262.5600,268.3600,3155151
2018-08-28,263.7000,263.7000,261.0300,263.0400,1867069
2018-08-27,263.0000,263.7000,259.3900,262.4000,2433040
2018-08-24,258.3300,263.3900,258.3300,261.5100,3862275
2018-08-23,254.6200,258.3290,254.4700,257.0000,2984332
2018-08-22,250.5900,256.1600,250.3600,255.5400,1895350
2018-08-21,250.4500,253.3300,250.3600,251.5000,2168922
2018-08-20,246.0800,250.3700,246.0000,249.7600,2901290
2018-08-17,248.3900,249.2200,243.7100,245.7000,2744156
2018-08-16,252.7900,253.3000,248.1000,248.8900,2420379
2018-08-15,253.8000,255.8300,248.0200,250.5200,2744650
2018-08-14,254.3800,256.2500,252.0900,256.0500,2100345
2018-08-13,254.1600,256.6000,253.3000,253.5400,1535494
2018-08-10,252.0000,254.9700,251.5000,253.7000,1788961
2018-08-09,254.5500,255.7500,253.3900,253.8000,2092042
2018-08-08,252.9500,254.5700,251.6300,253.8300,1589803
2018-08-07,254.5000,255.1600,252.4500,253.3900,1885363
2018-08-06,252.7400,254.8799,251.5400,254.1100,1535405
2018-08-03,252.5750,254.3900,249.4800,253.2800,2100275
2018-08-02,245.6966,252.5700,245.0000,252.2200,2395360
2018-08-01,245.0000,248.7600,244.2400,248.0100,3185354
2018-07-31,244.9300,246.7999,241.1600,244.6800,2939488
2018-07-30,254.4200,254.7600,240.1000,242.3200,5496791
2018-07-27,262.0500,262.8646,253.0500,254.8100,3030864
2018-07-26,261.9200,263.8300,258.4916,261.9300,2266146
2018-07-25,258.3500,263.5000,257.8300,263.1700,2345975
2018-07-24,261.0400,262.7275,255.9320,257.4900,2433299
2018-07-23,257.6600,260.1400,256.3800,259.4700,1935668
2018-07-20,258.1700,259.4500,256.7400,257.5400,2224270
2018-07-19,258.0000,259.6000,256.3600,257.6800,1980234
2018-07-18,257.8600,260.9400,256.5400,259.7800,2637027
2018-07-17,252.6800,258.6800,250.7100,258.3100,2551989
2018-07-16,258.6300,259.0400,253.8300,254.6800,2165057
2018-07-13,254.6400,259.5100,253.4901,258.5900,3934327
2018-07-12,249.9400,255.0500,249.3800,254.8700,2761631
2018-07-11,246.6500,249.7400,245.8500,248.1200,1730608
2018-07-10,250.4700,250.8464,248.2100,248.6300,2012389
2018-07-09,249.9000,250.6600,246.3700,249.7700,2170678
2018-07-06,244.4800,248.7200,243.2200,248.1900,1889695
2018-07-05,243.0400,244.6200,242.1400,244.1800,1863413
2018-07-03,244.7200,245.9400,241.6700,242.0100,1307705
2018-07-02,241.0500,243.3300,239.6000,243.2600,4127360
2018-06-29,241.8800,245.4900,241.5000,243.8100,3774674
2018-06-28,236.5900,241.8186,236.4385,239.8100,2217390
2018-06-27,243.4600,244.9797,237.5100,237.6800,3499484
2018-06-26,240.6700,244.2300,239.6600,242.2500,2998299
2018-06-25,240.1500,241.9600,235.8700,239.6800,4575365
2018-06-22,248.1100,248.7999,243.2600,243.6300,4124488
2018-06-21,252.0000,252.7190,247.5700,248.8300,2639732
2018-06-20,253.5000,254.8000,250.9800,251.2400,2577487