2018-11-08,111.8000,112.2100,110.9100,111.6590,15759231
2018-11-07,109.4400,112.2400,109.4000,111.9600,37862183
2018-11-06,107.3800,108.8400,106.2800,107.7200,24340248
2018-11-05,106.3700,107.7400,105.9000,107.5100,27922144
2018-11-02,106.4800,107.3200,104.9750,106.1600,37680194
2018-11-01,107.0500,107.3200,105.5300,105.9200,33384201
2018-10-31,105.4350,108.1400,105.3900,106.8100,51062383
2018-10-30,103.6600,104.3800,100.1100,103.7300,65350878
2018-10-29,108.1050,108.7000,101.6300,103.8500,55162001
2018-10-26,105.6900,108.7500,104.7600,106.9600,55523104
2018-10-25,106.5500,109.2700,106.1500,108.3000,61646819
2018-10-24,108.4100,108.4900,101.5901,102.3200,63897759
2018-10-23,107.7700,108.9700,105.1100,108.1000,43770429
2018-10-22,109.3200,110.5400,108.2400,109.6300,26545607
2018-10-19,108.9300,110.8600,108.2100,108.6600,32785475
2018-10-18,110.1000,110.5300,107.8300,108.5000,32506192
2018-10-17,111.6800,111.8100,109.5482,110.7100,26548243
2018-10-16,109.5400,111.4100,108.9500,111.0000,31610164
2018-10-15,108.9100,109.4800,106.9468,107.6000,32068103
2018-10-12,109.0100,111.2400,107.1200,109.5700,47742109
2018-10-11,105.3500,108.9300,104.2000,105.9100,63904282
2018-10-10,111.2400,111.5000,105.7900,106.1600,61376300
2018-10-09,111.1400,113.0800,110.8000,112.2600,26198594
2018-10-08,111.6600,112.0300,109.3400,110.8500,29640588
2018-10-05,112.6300,113.1700,110.6400,112.1300,29068859
2018-10-04,114.6100,114.7588,111.6300,112.7900,34821717
2018-10-03,115.4200,116.1800,114.9300,115.1700,16648018
2018-10-02,115.3000,115.8400,114.4400,115.1500,20787239
2018-10-01,114.7500,115.6800,114.7300,115.6100,18883079
2018-09-28,114.1900,114.5700,113.6800,114.3700,21647811
2018-09-27,114.7800,114.9100,114.2000,114.4100,19091299
2018-09-26,114.4700,115.0550,113.7400,113.9800,19352025
2018-09-25,114.8000,115.1000,113.7500,114.4500,22668014
2018-09-24,113.0300,114.9000,112.2175,114.6700,27334460
2018-09-21,114.0000,115.2900,113.5100,114.2600,71229698
2018-09-20,112.2800,113.8000,111.9300,113.5700,23714512
2018-09-19,113.0500,113.3200,111.0350,111.7000,21728429
2018-09-18,112.1900,113.6950,111.7200,113.2100,22170934
2018-09-17,113.6900,113.7000,111.8600,112.1400,20736516
2018-09-14,113.3600,113.7300,112.4400,113.3700,19122349
2018-09-13,112.1200,113.7250,112.1200,112.9100,26055620
2018-09-12,111.4300,111.8500,110.5100,111.7100,18891064
2018-09-11,108.9000,111.5900,108.8900,111.2400,24301774
2018-09-10,108.8400,109.6400,108.3600,109.3800,20727906
2018-09-07,108.2300,108.7248,107.2300,108.2100,22498646
2018-09-06,108.2500,108.9900,107.5100,108.7400,23477624
2018-09-05,111.0100,111.4200,108.1000,108.4900,32872352
2018-09-04,110.8500,111.9550,110.2200,111.7100,22634641
2018-08-31,111.6850,112.7770,111.5150,112.3300,23222713
2018-08-30,111.6700,112.6100,111.4400,111.9500,22798702
2018-08-29,110.4500,112.0300,110.2700,112.0200,20818044
2018-08-28,109.9400,110.5000,109.7900,110.2600,19151528
2018-08-27,109.2700,109.6400,108.5100,109.6000,19662331
2018-08-24,107.6700,108.5600,107.5600,108.4000,17234020
2018-08-23,107.1500,108.1800,106.8700,107.5600,18167723
2018-08-22,105.8500,107.3400,105.7800,107.0600,18000639
2018-08-21,106.9200,107.3500,105.8500,105.9800,22881861
2018-08-20,107.5100,107.9000,106.4800,106.8700,17914201
2018-08-17,107.3600,107.9000,106.6900,107.5800,18061512
2018-08-16,108.3000,108.8600,107.3000,107.6400,21384289
2018-08-15,108.4900,108.9850,106.8200,107.6600,29982806
2018-08-14,108.5600,109.7500,108.0400,109.5600,16788314
2018-08-13,109.2400,109.5800,108.1000,108.2100,18474884
2018-08-10,109.4200,109.6900,108.3800,109.0000,18183724
2018-08-09,109.7100,110.1600,109.6000,109.6700,13677211
2018-08-08,109.3300,109.7500,108.7599,109.4900,15487502
2018-08-07,108.5600,109.1000,108.1700,108.8800,16080214
2018-08-06,108.1200,108.4200,107.5590,108.1300,20265947
2018-08-03,107.8000,108.0500,106.8200,108.0400,18659599
2018-08-02,105.4000,108.0900,104.8400,107.5700,26104258
2018-08-01,106.0300,106.4460,105.4200,106.2800,23628699
2018-07-31,106.4900,106.7200,105.3800,106.0800,27655152
2018-07-30,107.1900,107.5300,104.7600,105.3700,34668327
2018-07-27,110.1800,110.1800,106.1400,107.6800,37005292
2018-07-26,110.7400,111.0000,109.5000,109.6200,31372110
2018-07-25,107.9550,111.1500,107.6000,110.8300,30798058
2018-07-24,108.5700,108.8200,107.2600,107.6600,26316619
2018-07-23,106.3000,108.1400,106.1300,107.9700,29706955
2018-07-20,108.0800,108.2000,106.0800,106.2700,56038827
2018-07-19,104.9300,105.3100,103.8900,104.4000,40171646
2018-07-18,105.9400,106.0500,104.7150,105.1200,29493927
2018-07-17,104.6100,106.5000,104.3200,105.9500,25901726
2018-07-16,105.4000,105.8200,104.5150,104.9100,21786912
2018-07-13,104.3700,105.6000,104.0900,105.4300,24653500
2018-07-12,102.7700,104.4100,102.7300,104.1900,24335929
2018-07-11,101.1500,102.3400,101.1000,101.9800,19644648
2018-07-10,102.0000,102.5100,101.8600,102.1200,19293140
2018-07-09,101.6452,102.2500,101.2510,101.8500,18211980
2018-07-06,99.8850,101.4300,99.6700,101.1600,19234627
2018-07-05,99.5000,99.9200,99.0299,99.7600,18977402
2018-07-03,100.4800,100.6300,98.9400,99.0500,14670275
2018-07-02,98.1000,100.0600,98.0000,100.0100,19564521
2018-06-29,98.9300,99.9100,98.3300,98.6100,28053214
2018-06-28,97.3800,99.1100,97.2600,98.6300,26650671
2018-06-27,99.5800,100.0200,97.4000,97.5400,31298386
2018-06-26,98.8200,100.0800,98.7500,99.0800,26897244
2018-06-25,100.0000,100.1100,97.3000,98.3900,35433333
2018-06-22,100.4100,100.7700,99.6250,100.4100,38923105
2018-06-21,102.0750,102.4600,100.8800,101.1400,23198188
2018-06-20,101.3700,102.5200,101.1200,101.8700,26180792